ARENA_CENTER <- c(216.75, 216.75)
ARENA_RADIUS <- 127.5