ARENA_CENTER <- c(127.5, 127.5)
ARENA_RADIUS <- 127.5